[1229998_564883210232944_1363284634_n.jpg]
filters=Boost=1,54.385967;finetune2=1,0.000000,0.244211,0.235789,00000000,0.000000;
moddate=5e2e3be7efa3cf01
width=183
height=275
text=1;129;4;LTF&#010;;Colonna MT;0.200978,0.714885,0.275305,6.283185;v1,4294950144,4278190080,128.000000,1.000000,0.250000,1.000000,400,2,49152;;
textactive=1
